"","mtstpEii125","mtstp3ci13","mtstpEci42","mtstp5iu98","mtstp3cu2","mtstp5cu17","mtstpLiu130","mtstpLiu133","mtstpEcu38","mtstpAci74","mtstpLci58","mtstpAiu148","mtstpAci73","mtstp5iu100","mtstpLiu131","mtstpEci41","mtstpEii122","mtstpAiu147","mtstpLci64","mtstp3ci12","mtstp5ii105","mtstpEiu115","mtstp3cu8","mtstp3ci9","mtstp3ii90","mtstp3iu83","mtstpLii137","mtstpLcu53","mtstpAcu66","mtstp5cu18","mtstpEcu36","mtstp5cu21","mtstpLii140","mtstp3iu84","mtstp3iu82","mtstpAiu146","mtstp3cu3","mtstp5ii108","mtstpAci76","mtstpEiu113","mtstp5ci28","mtstpAii157","mtstp5ci26","mtstpAcu69","mtstpAcu68","mtstp3iu81","mtstpEiu117","mtstpEii123","mtstpLcu49","mtstpAcu67","mtstp3ii92","mtstpEiu114","mtstpEci44","mtstpLci57","mtstpLcu56","mtstpAiu145","mtstp3cu4","mtstpLcu50","mtstp5ci27","mtstp5ii112","mtstpAci75","mtstpEii124","mtstp3cu5","mtstpAii156","mtstpLiu135","mtstpAiu149","mtstp3iu85","mtstpAii155","mtstp3ii89","mtstpEcu34","mtstp3ii94","mtstp3ci10","mtstp5cu19","mtstpEcu33","mtstpAii154","mtstp5cu20","mtstp5iu97","mtstpEci45","mtstpEci43","mtstpLiu129","mtstp5iu99","mtstp5ci25","mtstpLii141","mtstp5iu101","mtstpEii121","mtstp3ci11","mtstpLii138","mtstpLci60","mtstpAcu65","mtstpEcu35","mtstpEiu116","mtstpAii153","mtstpAci77","mtstpLcu52","mtstp5ii107","mtstp5ii109"
"mtstpEii125",0,277929.831733732,72138.9420612846,281075.156189056,277721.313592803,282818.416851765,270459.118527839,285159.335311813,156485.581543922,309214.075850147,273244.094396214,274936.319023965,297487.067697422,282881.949397264,277438.532149943,29864.734242288,31017.7845857053,285483.69802874,265307.441102497,283602.099418204,285755.182056298,45300.8629789948,276592.902479905,279257.14045967,282538.219324801,280569.267533827,273330.139112447,287238.910911355,298603.597046594,284339.222604386,108564.194724881,282780.190472469,273446.977117496,280094.807154316,280490.380486715,307263.740333045,280106.526409792,286932.599654333,288562.483001347,163723.163935042,285691.306692285,296987.48846703,285992.59504356,284554.54318923,272457.862352183,278823.716138534,105805.171996677,128823.047017836,273610.750280889,328841.077523933,283097.078664403,49456.2531772449,51015.6101826309,269887.874148658,273945.530673068,306310.978496307,280531.36502096,276097.708600577,284660.677563805,285827.853477651,269662.275526039,51411.0551406968,277436.065599217,342875.836840353,267530.570125373,301593.147989311,278193.866095121,299413.936071183,279908.90364116,49650.4096152647,281744.131812642,289155.109885082,283422.239841636,113472.37407468,289405.094615886,282936.075955113,281158.820355347,62067.864484573,69804.7088934861,277366.407528787,281504.504012811,284618.232033059,273753.505012867,288227.151099049,99088.0839358921,279942.040220552,276763.836609315,289210.928062585,292494.274029038,85712.3963053909,58153.5185454675,293138.526827118,306337.281646339,278275.54298309,283118.650728125,287385.122462494
"mtstp3ci13",277929.831733732,0,210289.611296672,57072.1825098836,11799.3256628172,60811.0356171158,69113.7448503664,101836.829751407,128097.706134021,199854.675620671,88328.7428310231,120401.725614212,181182.049423928,63550.3264883039,79669.4051291892,257112.215247099,305005.235695077,154224.322354111,77401.4076685984,40598.6350424068,86663.2992552892,244555.264237774,17642.2973192336,20904.8795275027,36534.8010507864,26614.7459018323,86216.8302788252,128400.564631327,172528.733312195,75039.5986837661,173559.073054914,61795.4212122072,68834.493634289,23955.6037009528,26198.0566865405,188254.719769659,27965.4959538502,90057.2151943594,150522.851369517,155403.283210854,74678.1049847566,172591.285640055,84136.7001335659,151884.814590919,93976.0137404902,15985.2619947531,177531.91654034,158509.777295935,77661.2429831908,234515.471759396,39668.8967233029,239670.146507673,237513.701648833,80968.5881727955,87461.5839837164,184756.560323773,26760.3690555728,88405.4253457214,69926.673639106,90309.6433879712,96615.1130194584,233234.543413467,18665.3119769283,266014.533408211,79458.5029088411,178947.265309942,44501.9540101408,172371.710766708,48889.6384201661,237010.485247839,35007.9988538032,65214.7647599107,70208.8892364148,172591.418861284,145691.925143437,59827.3625459331,74175.4032640359,218684.870418608,212287.989201856,90422.8718776455,58426.1783099562,78581.9558809667,83138.2150227531,94633.9068280023,184608.239414722,26169.4686398701,82178.0857968826,114894.290460109,179734.157154061,197092.178435813,222256.419045108,165489.768990638,196198.475406941,83424.8174268335,67976.1227755658,89664.9787656727
"mtstpEci42",72138.9420612846,210289.611296672,0,215276.255385137,210160.866054304,217675.368654996,204041.077478472,221694.48102547,89894.1406840108,256751.281123358,207763.626672934,212150.719768856,242485.028993354,217707.556638067,211928.538975421,48921.5950309113,99108.9409240313,227336.596435812,198691.420960785,217762.397000988,221792.840777767,48730.5381438701,208707.714461366,212290.262186712,216388.608934919,213804.633937307,208567.735638395,225728.579332809,242738.419864853,220219.821328534,44268.9028231109,217459.968777862,206968.292635845,213227.752334733,213687.458475864,253266.945642893,213586.330612705,223673.875508514,229471.993691858,103884.403731164,221701.337933578,240997.544388138,223201.378575432,226054.263269189,207375.364415643,211547.999204888,45709.8421356653,65525.4121291958,207452.279556578,280936.375728436,217127.149245944,35461.1726264484,39956.1180065717,203484.689481586,208681.036428702,251730.233751011,213789.965348309,210978.487890616,219897.41482817,221869.677429337,204222.702409689,34687.888670098,209545.278208666,299183.07567297,201449.393891535,246373.971248081,211562.808758567,243367.17450502,213531.387039157,30198.196397157,215532.386771158,225112.88959003,218751.854618814,47820.1723525626,230015.661975583,217467.459438595,215607.36904351,19623.4273711928,16397.8785809477,212535.539382395,215845.845645744,220697.184746359,207987.35476215,226387.377590373,38198.7186522338,213255.283237346,211064.306892261,226979.907513093,237436.527037206,24220.9201592808,26265.1390855266,236368.294430147,253288.062049133,213031.611958614,217893.705260217,224642.862116813
"mtstp5iu98",281075.156189056,57072.1825098836,215276.255385137,0,56252.4441988269,26344.6867736888,85892.0276937559,112919.310823394,136065.07339176,206233.725000321,102765.559695178,130817.889215432,188218.075868699,15765.4620263873,96089.7610449879,260823.346355013,307731.706313949,162356.195103077,93311.5790298503,75159.5229155937,60325.5891194719,247599.891434032,57515.4198801932,62462.9235492649,73380.4126072856,64263.454454274,100170.425091539,137945.041398978,180093.063095011,36215.4317004737,179398.945724571,19855.7765494709,87400.9732973905,62237.4068789283,64518.5697307438,194892.318504947,65251.3484610862,61188.1584477272,159037.904849322,159788.141013691,30545.3510903403,179965.096801471,50740.785472891,160393.581492156,107451.905430128,58822.0205235238,182608.291223433,163515.579196683,93893.8364788607,239787.085566716,72414.8478603124,243490.209572321,241773.139566608,95949.8418771719,101461.95771245,191389.161629448,64447.5380906205,102840.853664067,28497.859033101,77058.8593042878,110311.786548859,237122.450366183,55917.3718976064,270594.443132737,93360.6541338319,186001.79191161,57946.4011686285,179742.322968172,63077.5774479377,241060.256087521,71108.8468930489,91911.3217758342,32486.8156922866,177398.254181537,154672.779163584,33053.9886372308,74562.6686564289,222786.061130168,216822.71793245,104644.992152607,13053.8040539308,49508.9604656225,97737.3086542909,60379.916219073,189703.854723231,64105.9391974612,97045.4042308856,125777.732142846,186562.896144035,201622.49597053,226605.152941032,173268.127359968,202698.652830844,98340.2798193348,31349.1117860174,60938.2556256838
"mtstp3cu2",277721.313592803,11799.3256628172,210160.866054304,56252.4441988269,0,59734.3638698216,70919.7097426391,102816.719062581,128007.662116727,200311.045261794,89647.479075978,121064.528132362,181666.692922939,62679.665799893,81481.1105408579,256928.22750017,304783.159479216,154761.396280964,78881.4968279402,41236.2583104901,86680.1989510787,244299.118490744,17737.2184228956,21511.0032837074,37226.2136282815,24361.1783264507,87445.2611619422,129011.250171033,173081.733554703,74264.2592046319,173408.092560637,60968.2504668666,70840.4808334043,20426.8622430354,24245.0924384869,188607.577586584,26142.0375505769,90084.2331188495,151209.030037695,155386.260763189,74231.610056115,173141.946647843,83731.5457041013,152436.337846841,94971.7594365536,13173.7268765805,177379.868480235,158456.633524309,79122.5836574272,234805.769320785,39128.0057805095,239451.958261468,237343.095042285,82355.7259127633,88641.3267518356,185165.216439243,25240.2653862134,89636.109417763,69160.7961547686,89914.4994116923,97976.9820373525,233051.794582837,19488.8709612055,266310.13129054,80532.4831744251,179397.480399674,46030.6314532313,172835.656800333,50318.2093163921,236798.664581619,35367.2065544669,64487.2782532832,69377.4340104068,172456.332469241,146380.833939994,59659.6131063771,74655.3117399978,218541.417547615,212138.596285107,91668.9340569165,57976.465630117,78447.2681140344,84520.6331761932,94172.661634197,184513.354159552,24740.8560252463,83498.3751838542,115891.493271361,180183.332708328,196929.936416537,222056.352482155,166000.864706318,196697.73783687,84828.0156199304,67630.1255583467,89755.488262094
"mtstp5cu17",282818.416851765,60811.0356171158,217675.368654996,26344.6867736888,59734.3638698216,0,88556.3438604428,115176.544640259,139838.790841495,208078.784047443,105774.379749956,133701.696251881,190263.761086203,20125.7671816347,99065.7516769277,262869.862189376,309320.704461738,164603.7971898,96413.1649282451,75690.6673320689,80111.7457623049,250024.636091213,62772.7297067703,64657.3005517465,74947.7085178624,67004.6171677748,103511.840161225,140356.103422081,182104.331953203,48830.0881260912,182351.054049488,15618.4682505908,90635.8775355224,64286.8118309956,66997.9374563687,196921.354507716,66718.3373832521,81284.4918058195,161325.998454151,164321.699797499,22166.7066133329,182111.520214137,62505.7677070816,162691.811527306,110788.739679975,62598.9526475976,185676.936456213,167501.548551726,97035.0532934961,241464.719348036,73990.7362489038,245734.501180564,243822.434187828,98952.7052125885,104301.353246923,193295.76120762,66536.8440303604,105826.211515895,17406.8250802212,93534.5636229786,113420.721184453,239477.201385009,61610.5971522506,272040.372667533,96826.2467616293,188054.260852176,51758.0705447116,181880.544716528,58090.6214489608,243272.214591514,72101.5910292558,91014.8219336555,48161.5381876165,180896.449083144,157096.279033392,25382.0926725333,86963.0995654737,225249.801385118,219343.82739086,107600.94556382,20557.9720920562,67044.655659909,100717.34551548,74594.938783678,192713.434024049,65800.1674998697,100149.966818402,127928.534765333,188551.974593048,204448.650340134,228764.837035515,175444.215086046,204594.682061742,101303.701369727,51634.7089608768,78419.3882853264
"mtstpLiu130",270459.118527839,69113.7448503664,204041.077478472,85892.0276937559,70919.7097426391,88556.3438604428,0,62702.9315715106,128584.788457055,193918.751996874,58772.6878163257,115896.434806025,173555.160734586,90815.6861655561,62580.2118313779,249014.60904081,297000.092371792,148558.432332281,32884.8012822341,88951.2900742029,105551.401575896,238779.441258901,68081.0786190074,76961.1715058084,85818.53013803,79955.8570811894,57227.9990128546,94889.644734766,166818.067494314,99045.0974140546,170129.043341364,88391.1817995052,29364.8359456409,78348.3490889451,78188.2860277623,184057.720458088,80520.1333577142,108972.497782931,144245.630963229,148949.920584591,97985.8141396837,168019.623590315,105557.550582205,146419.001276871,94652.0303283659,73331.6985372785,174993.239890092,156517.416761778,39343.8321187596,228192.225842473,88149.8164858174,231716.770790492,230124.613095164,35631.2149583781,43472.2393622962,178170.857312407,80464.2171420315,57068.154659345,95307.9789476408,107896.045849266,89203.5418597338,227646.509507216,67789.8263359072,258499.517986218,39854.8515170597,173718.329071262,71873.7836944334,167939.523215296,77226.5146348993,229297.537593862,84567.2663653001,107626.304900095,94836.6970563604,168108.428060699,142941.664101801,88076.7616746316,94742.2031193434,212803.588067654,206261.189503354,51522.7779756071,86243.4911079342,102131.854214673,54665.8562630323,112505.378513444,180928.039443623,79436.1732351726,46143.8421913105,75015.5375982086,170533.817550109,191755.818398923,216894.817462636,160309.458203156,189416.07363921,42442.6323750548,93407.1074946549,108019.606220416
"mtstpLiu133",285159.335311813,101836.829751407,221694.48102547,112919.310823394,102816.719062581,115176.544640259,62702.9315715106,0,151701.551875378,210594.718579665,65521.903904252,140536.221433397,192073.002740906,116695.610570422,91778.912936511,264680.511811386,310936.419224396,168874.883674035,54555.7400280896,116188.465661208,128395.873967175,254213.495030413,100796.576994057,107235.264093858,113777.39583398,109239.520549166,60233.9372909122,60471.2778510276,185201.156611173,123301.029393686,189343.296313991,114758.344249429,48492.1727041224,108131.599078796,108349.069622607,200453.042869698,109956.95904499,130949.969639307,165712.527795286,170731.559844345,122209.432493846,186317.375226386,128677.886512457,167444.678385881,123238.311154786,104634.960598987,193691.808205603,176662.457890207,50672.6974687145,242372.272925173,115454.783192978,248103.755141607,246532.243548424,51438.0279014694,44705.2828620769,195337.366227082,109517.602686122,56088.0707832228,119999.122396553,129921.474056993,121547.970293901,243675.366614927,100933.921452689,271421.620903592,39446.1614085709,191246.146249021,103700.169856561,185607.323602908,107063.690492095,245822.185132885,112832.320345893,130703.983349328,120198.984647399,187892.667057521,163503.087147886,114198.691541885,119027.165137398,229810.148302558,223684.769081435,33867.1034203591,113404.738029058,125445.216508787,66817.0534782206,134341.395050677,199441.876064848,109100.361571981,40551.8909548747,27907.9815814738,189762.004705741,209793.329028092,233474.711046512,179100.505163495,206402.71554923,34711.7526238935,119025.266131743,130858.753005061
"mtstpEcu38",156485.581543922,128097.706134021,89894.1406840108,136065.07339176,128007.662116727,139838.790841495,128584.788457055,151701.551875378,0,214075.822700622,137135.114610605,150884.261572857,196568.025707387,139710.959912636,139096.488333522,135706.785296214,184418.028572952,174948.015422732,125681.200349356,140171.869182399,143697.485285028,122583.99387856,125328.888286154,131634.428628175,137905.720699611,133782.203633721,135266.181252323,163974.794624248,193393.138372708,142076.742593717,50584.3353707537,139136.278764623,131054.50518076,132805.623332455,133426.464170812,206477.696948024,133916.158578419,146193.393459612,175205.455808456,70036.132869589,145094.538667908,191975.98732262,145010.884301777,173149.039205571,138106.778264713,130083.047211932,55721.6591253673,39528.3951400649,133592.576681967,244264.397449779,139162.908321425,118455.08748901,115479.158544627,130966.45468404,137073.900232462,204216.143981689,133757.950504799,139778.889339583,143101.151454883,141919.311563285,137384.171026599,112318.640681776,126574.48529457,269611.078827816,127752.081382371,198375.826965372,132480.450417526,193329.812011755,135195.496157988,115886.180879528,136847.958290315,151541.030773634,140004.696740548,52219.355689003,173432.607350915,139431.258066599,132004.042253514,95629.5270970789,89214.0890852246,141286.419487344,137010.72175017,141948.061157015,135667.984122899,149493.294907209,61644.8840420555,133230.803514006,137814.052443547,160472.161670865,192668.547119942,74878.3581059446,101107.629287617,185635.45853658,210104.83935706,139809.790450359,138959.09300699,147326.623667782
"mtstpAci74",309214.075850147,199854.675620671,256751.281123358,206233.725000321,200311.045261794,208078.784047443,193918.751996874,210594.718579665,214075.822700622,0,173631.591692629,84449.6163929925,27681.0000355272,208603.660934012,182079.885637063,289336.051523634,331167.652437781,54364.8257032504,189548.774592688,207634.241914081,214496.51331241,287540.600845764,199209.906437709,202562.272295206,206248.8024751,203704.781507039,206388.003122307,201717.963558401,36312.9305514398,211754.580038784,238036.654868061,208033.970781641,196109.982142448,203090.080134527,203447.234420879,23020.4664212633,204109.168859087,216175.348259148,57038.8266688526,213064.545866903,212550.979396152,35627.4777075293,215027.569769198,54782.4378030128,113404.886178353,201273.865358563,243193.399669481,230038.291835222,192627.139244401,39783.7222387525,207123.376746386,275049.156213782,275466.186465143,191518.309729971,199532.575921081,31775.2069590708,203738.974746715,185279.222875033,210843.24003694,215464.917444608,125124.187462298,278239.527801765,199360.41958359,70111.3206972862,196545.909656116,28777.9221255606,202113.061585781,36155.8530691746,203759.908731002,273735.644363016,205387.210950111,215926.470466907,210083.413294855,232802.24984022,58114.8598805806,207895.620902002,209021.905670195,264761.745143658,259464.648317558,197735.976231349,206489.681144396,212840.050123335,179435.326480142,218576.742549899,244952.077075883,203535.057874743,191109.567494152,214891.766643253,36744.0593572826,249641.715194085,269707.298143598,40221.7286688733,19051.7126091732,201723.473136294,209108.675451165,216587.825247012
"mtstpLci58",273244.094396214,88328.7428310231,207763.626672934,102765.559695178,89647.479075978,105774.379749956,58772.6878163257,65521.903904252,137135.114610605,173631.591692629,0,102513.718723614,153924.145070908,107080.247881041,51082.5743513491,251414.652283624,299405.422283976,132262.886810861,45567.9606242095,104512.127669725,118842.239402947,243176.955138968,87425.3003190742,94434.3757371593,101882.412321375,96856.8379896281,70446.4903211954,58707.9630967353,148494.921064462,113408.427662548,176465.179803579,105702.811666232,51861.9290320116,95623.8435810616,95912.2189970034,164797.549959853,97553.5592240971,121849.476917964,127152.352416498,151712.382762256,114073.194974033,148961.608213833,119283.839039304,129758.897078536,86580.588356078,91671.8785763752,181720.011476033,163550.115043529,44797.3903857046,206860.992639543,103685.723878937,234199.935127159,233029.695275677,46127.2455312435,55626.9324905887,159534.968548857,97129.6285948673,21873.2302854421,111475.20280254,120859.9424228,82189.2281071516,232024.59107913,87403.4076275131,236262.498429283,50364.2976631331,154804.117730269,92105.3901881089,149254.863153855,90615.2583494917,231932.23773547,100669.300405068,120453.552990533,109956.685555512,173136.963586911,126641.564958785,105595.556141985,109148.360076942,216800.364560182,210339.353766968,44419.7842344012,103293.284913434,115722.994457312,25931.9529018742,125594.970907003,186773.17491177,96439.654474311,39914.6186638026,68996.8102842485,151382.881906127,196420.777253474,221370.242777787,142215.926332746,168923.866861588,53228.567330148,108361.390731412,121704.87653445
"mtstpAiu148",274936.319023965,120401.725614212,212150.719768856,130817.889215432,121064.528132362,133701.696251881,115896.434806025,140536.221433397,150884.261572857,84449.6163929925,102513.718723614,0,64489.1075338533,134444.087903709,108481.883850777,252951.044434157,300190.772063781,42681.49834534,112553.509712545,132923.23766147,143457.413208677,247520.612322073,119279.148099023,124909.923504748,130771.220104185,126618.899261786,133175.864365717,140526.37556329,59289.7612119761,139328.180105082,185147.196446549,133550.72103206,118677.134645029,125650.863132689,126243.462575336,75201.5154167145,127347.244376804,145861.186960291,35824.9191356788,157798.717657373,140484.330284507,60136.8467803422,144313.075079692,40375.6568288705,34451.1851463132,122709.789565749,190873.522331359,173910.02187745,117552.882892127,120036.37395684,132123.802984869,236151.99450371,235844.942010665,115425.213909858,125749.135996489,71767.1715253526,126685.31973748,113586.655798754,137987.623321478,144973.354275952,49813.241144947,236637.103867773,119523.522441689,151602.212186976,120528.295646373,64669.8577768658,124875.65792732,59884.7464164806,127531.503309355,234292.263589533,129570.459676639,145534.800904932,136769.323379343,180489.850000928,35165.4823891694,133289.933403361,135075.61799143,221390.309912741,215097.248908894,125734.057782122,131261.210390419,140933.301450804,106029.880782907,149470.43040236,194539.158585947,126485.023023669,117363.633085443,148493.732767499,63137.1217147054,202149.582454496,226383.47545169,52581.8553406822,80072.5640094254,127756.611852202,135255.624974868,146584.011350474
"mtstpAci73",297487.067697422,181182.049423928,242485.028993354,188218.075868699,181666.692922939,190263.761086203,173555.160734586,192073.002740906,196568.025707387,27681.0000355272,153924.145070908,64489.1075338533,0,190811.237987884,162911.251853181,276763.937864987,320255.853640374,41898.3869270911,168143.237887767,189732.506141981,196900.605188025,274761.596111238,180426.383538944,184073.331798782,188247.470702691,185410.784604999,187598.074452416,183202.119498561,29927.7541626345,194068.542601194,222380.553659637,190173.798286516,176111.417863124,184686.385728153,185136.992779905,31256.4724860772,185820.793066125,198848.50533716,35602.0130040221,195588.647719337,195103.944311791,28972.6694841745,197668.232890106,39919.772405536,94201.6254241496,182751.465899083,227916.54786649,213828.065567032,172749.56449342,60623.29515002,189141.183677587,261801.984888628,262228.722728211,170155.793567978,179583.111156379,28932.1777705078,185288.160254269,165784.632174135,193268.810987496,197898.373229198,103167.309005673,265033.974655488,180458.528030526,92408.0278230785,176474.908188765,26096.4224648068,183656.245307493,28593.5588450675,185473.801518471,260404.885372972,187349.01352502,198749.592317458,192291.61937184,216897.794245772,42975.3491216871,190025.703237008,190841.675975208,250903.856553419,245309.079533375,178370.570853612,188520.249222555,195254.385856611,159698.716928565,201515.341817109,229846.960722626,185134.038880169,171761.620878985,197021.852418964,18236.59950657,234837.596312606,256086.871893448,28917.4426711086,23587.0259346613,182396.093193249,191224.821010774,199398.185960109
"mtstp5iu100",282881.949397264,63550.3264883039,217707.556638067,15765.4620263873,62679.665799893,20125.7671816347,90815.6861655561,116695.610570422,139710.959912636,208603.660934012,107080.247881041,134444.087903709,190811.237987884,0,100732.930552977,262906.736230399,309388.148950693,165333.229015683,97925.2356805711,79866.7056131149,67292.0302170774,249837.786335492,64320.4230537506,68110.5348319463,78472.3283451524,70231.8736020986,104468.504812532,141212.727933779,182747.677561876,36419.1205937928,182274.129349732,15486.5917842745,92231.9802703869,67880.2598512665,70387.4309010301,197380.344178362,70566.294082064,67710.3862069731,162050.154189553,163582.624399605,20711.1228975018,182461.052243373,52977.321750079,163370.296902498,111729.667014312,65445.502040066,185437.645649805,166927.313935581,98461.5026911164,241853.704936834,77629.3487545301,245744.972646941,243914.269536361,100403.919426136,105725.811183735,193886.871493357,70034.6232929473,107158.338197251,18933.8256340072,84395.2194723288,114670.617704676,239368.240784668,63108.620741028,272449.508683819,98052.4830817073,188592.013560189,60298.5027413565,182379.581118102,65361.6960650656,243309.229281904,75973.058026014,95195.2031486265,34976.7823821138,180551.890986973,157753.258951291,31956.6068570337,82248.3416556075,225148.915347444,219301.087834393,108869.280636857,13020.5271304544,55694.8413868638,102197.957879726,62467.8116690116,192520.103153813,69465.2673999501,101526.292116759,129217.402703451,189167.575311724,204262.027206441,228818.547849294,176019.169438843,205099.712199248,102762.355417675,37474.2093270147,65745.6811318891
"mtstpLiu131",277438.532149943,79669.4051291892,211928.538975421,96089.7610449879,81481.1105408579,99065.7516769277,62580.2118313779,91778.912936511,139096.488333522,182079.885637063,51082.5743513491,108481.883850777,162911.251853181,100732.930552977,0,256205.379834527,303688.37899194,138969.732212609,66128.5827627568,97542.7960989339,113611.189399742,246255.314321911,79300.268389441,86676.206513843,94844.6822866915,89466.3500862495,86054.9137585325,100058.113945734,154819.396699504,107367.63997928,179024.326468456,99329.9097792012,62488.7049056021,88084.5197271758,87746.2642427422,172600.062309247,89683.8247474575,117003.60879393,134323.69000285,157786.574217736,108240.947366576,156828.895103187,113136.495034127,136554.173257136,88257.6773441692,83458.7324018511,183842.208976676,165903.350658754,67757.3090600681,215545.831384644,96828.1658722964,239060.357471975,237582.140262383,71160.1046920269,78382.2984575172,167308.954425638,89912.2139319496,55447.536213246,105952.239015225,116209.539718985,83135.2133137972,235250.844138975,78480.1792530845,246274.142311297,74354.0705808314,162106.615588117,82171.0290791624,157020.713352618,76944.62177134,236721.395964669,93505.7975849255,115159.009125074,103186.258173109,176977.687690384,132207.783826789,99910.0062497751,104547.336652856,220657.730474577,214296.41000922,70965.9258117188,96335.8087607661,110279.119006995,38170.070270425,119987.680858265,189560.583658664,88674.2184875747,63796.0284624173,101096.607987482,160903.912698647,200023.263007889,224612.20297304,149947.555356968,177739.701619969,75476.5606698536,101654.962865464,115485.690673055
"mtstpEci41",29864.734242288,257112.215247099,48921.5950309113,260823.346355013,256928.22750017,262869.862189376,249014.60904081,264680.511811386,135706.785296214,289336.051523634,251414.652283624,252951.044434157,276763.937864987,262906.736230399,256205.379834527,0,54895.250643562,264455.396185161,243088.377044243,263252.254729421,265942.057883784,39748.8761911862,255709.172622962,258636.181694825,262120.514060658,259986.722662136,252773.948910581,266075.714163038,278308.481671533,264713.679008369,88930.1599211573,262738.209132901,252016.439300577,259490.633449536,259877.880299797,287519.696396691,259621.771324611,267274.073223591,267286.847360793,139146.656902401,266050.835493887,276514.154164902,266613.396384923,263566.505514917,250731.404298654,258115.055100479,88165.7132515239,108605.569067615,251941.477608169,310291.156922864,262718.458379168,23955.045565442,33765.1462551171,247676.956333177,252537.557232205,286275.735565628,259964.72534148,254768.444337279,264725.23234956,265514.137184171,246922.529909394,38674.8965707681,256499.977089461,324812.508288716,246040.786966681,281362.782199444,257456.648497495,279230.189134175,259254.363804974,23644.4701601947,261317.166909441,269279.464389667,263583.478830965,90648.7803170092,268613.541600972,262788.180760839,260373.844062681,42286.318660059,47884.2995177023,256180.277186151,261353.050529807,264801.698010525,252086.275288156,269250.813643143,79613.7335501756,259403.018905665,255515.621600668,268864.544555181,271360.955816995,64090.1767808535,43729.0068986911,272609.528625883,286094.980228516,257162.016643678,262964.474943088,267964.989969265
"mtstpEii122",31017.7845857053,305005.235695077,99108.9409240313,307731.706313949,304783.159479216,309320.704461738,297000.092371792,310936.419224396,184418.028572952,331167.652437781,299405.422283976,300190.772063781,320255.853640374,309388.148950693,303688.37899194,54895.250643562,0,309307.833397827,291780.765067804,310186.394450601,312165.832516444,68553.8137724077,303780.574582713,306171.308080118,309205.363058414,307404.392264687,299474.491891954,312194.141729812,321719.279120418,310762.210242468,136396.7459986,309342.456783175,300046.063868584,306994.242422661,307353.119952497,329803.653544211,306908.483052161,313131.822682764,312713.014761902,190668.682050779,311959.764938888,320175.711473213,312242.92538281,308482.410890123,298524.389205789,305815.566619806,132864.085358392,155932.474245832,300053.856352925,349240.055508975,309717.440201936,75924.4576452729,79318.0075171616,296296.04278107,300109.357701126,328985.876829836,307395.965356709,302219.757340425,311031.394421969,312444.659130314,295693.237052493,76512.8397757348,304623.819444745,361675.871073625,293950.822676594,324468.018494559,305026.361951142,322614.337851834,306642.62549759,76018.3550288684,308437.182397136,315232.762966285,309926.406271746,140838.399852413,313728.71111236,309534.304346319,308162.056286199,90275.9079077072,97028.5392225988,303450.426904244,308131.37176817,311034.901597386,300040.475510939,314246.984760738,126685.201884972,306806.080355268,303092.251151405,314581.611201803,315226.795214832,113620.751876545,85466.5547903819,316575.233724562,328455.898416068,304538.776058273,309726.667334773,313537.667725615
"mtstpAiu147",285483.69802874,154224.322354111,227336.596435812,162356.195103077,154761.396280964,164603.7971898,148558.432332281,168874.883674035,174948.015422732,54364.8257032504,132262.886810861,42681.49834534,41898.3869270911,165333.229015683,138969.732212609,264455.396185161,309307.833397827,0,146119.565911639,164165.241629828,172850.058487715,260369.627844554,153380.698033033,157745.148441734,162465.990469232,159142.088789903,163347.305676193,165273.03020514,29303.5377412414,169364.095227706,203952.361633573,164490.435110706,151503.726319785,158383.778915869,158811.424004569,45572.0517357946,159652.871215662,174932.526477819,36310.1309075536,178694.823512828,170196.472580435,35230.9399423788,173483.511279563,20228.6324483372,68722.7317990388,156021.334218495,209270.543174785,194323.858619509,149404.491002972,87256.2046163987,163566.753219581,248694.992485322,248750.931130938,148662.524981747,156820.216171889,40216.8467919921,159165.664803211,143242.617811505,168174.325825711,174096.042150714,85147.2818001379,250184.358973589,153541.577296925,116777.204985921,152455.26920589,32810.7483217567,157000.074162598,31778.3686731446,159223.353059692,247216.36381783,161441.140308876,174589.114952612,167254.994371402,199233.236386215,25996.0962854559,164290.709212046,165958.813004144,235950.971573755,230083.708896791,155602.721796428,162714.05476481,170801.672893122,136564.787543878,177792.97195123,212103.238920922,159009.874416353,147995.990107304,175053.138552139,46504.2529973849,218370.829214866,240720.570087103,26081.1724845983,51983.8236686998,158602.75399372,166079.632062051,175421.963432914
"mtstpLci64",265307.441102497,77401.4076685984,198691.420960785,93311.5790298503,78881.4968279402,96413.1649282451,32884.8012822341,54555.7400280896,125681.200349356,189548.774592688,45567.9606242095,112553.509712545,168143.237887767,97925.2356805711,66128.5827627568,243088.377044243,291780.765067804,146119.565911639,0,95509.5449332188,110628.230969928,234826.363399764,76121.6520053474,84301.4099862003,92512.1277393594,87044.7092976655,53404.4382935348,74048.9578862193,163874.088395191,104910.465477735,166504.263879974,96190.5248670003,27477.8313915681,85605.0279823367,85880.2952040454,180756.608756314,87785.9432496462,113870.429455894,139866.895687214,140882.143959515,105216.054123349,164121.671512494,111125.585169995,143571.659670508,93998.5589981438,81203.422767873,172094.218780897,153280.637694602,23132.6670748824,223557.89900015,94600.0321980474,225646.839518156,224431.084410343,14189.2973293535,28313.736352864,174905.181929949,87395.6116101014,44924.0858429274,102411.000126699,112446.746862683,85356.8851063076,223530.890698523,76211.7243587725,253348.113728996,25444.580585526,170266.728548835,82219.8749685976,164583.347525074,85900.2605434021,223332.278588796,91298.2112545963,112735.920329081,101181.158231635,163097.899599879,140663.443140092,95937.6511631643,99648.1726509096,207912.1758957,201205.438836906,36730.0272638895,93845.050956298,107383.475001192,48718.0739167474,117817.134051895,177152.211056204,86587.3293655101,33845.9960742901,62637.7528024464,164472.716067571,187061.350002114,212703.208336411,157081.922219795,184138.682027055,32927.3415586247,99611.6677467685,113715.752697757
"mtstp3ci12",283602.099418204,40598.6350424068,217762.397000988,75159.5229155937,41236.2583104901,75690.6673320689,88951.2900742029,116188.465661208,140171.869182399,207634.241914081,104512.127669725,132923.23766147,189732.506141981,79866.7056131149,97542.7960989339,263252.254729421,310186.394450601,164165.241629828,95509.5449332188,0,103370.490585824,251022.448501068,55126.4793898918,23517.5003223009,11299.4028870383,21497.9301293154,102995.839001742,140079.526916038,181477.254341559,89906.9940429889,182611.160410255,78652.793462928,88856.5121651264,26100.0489958674,23008.1981354401,196494.635431777,19074.7040721846,106249.114968551,160748.602908445,165416.874562769,87800.8483433914,181557.506060388,98364.9433503449,161968.623991619,109584.268327147,31860.6429070404,186391.193192917,168382.98705287,95824.5556247042,241169.001350051,11712.5227854005,246238.756589325,244164.528768089,98524.3293480463,103825.589055761,193123.011617034,21119.5166954887,104664.526280144,83969.6310562919,106903.431341493,111836.046404062,240005.674483301,55633.5147276176,271888.777612554,97199.258565914,187580.13164613,55777.2837660528,181326.599502075,55942.9838690357,243648.903586881,10751.3559512376,27280.5487147708,86346.0710993327,181662.059787849,156229.96499407,76795.717341621,93668.4827072311,225908.323554347,219729.526712514,106411.638906395,75827.2735794915,95384.202702774,100081.994274251,108526.669635955,193140.761732479,25011.7515935999,99196.8686158711,127758.784364249,188360.029511347,205059.378968248,229326.55961547,174808.190187628,204146.880669934,100509.795562874,85870.7066995436,104999.922859115
"mtstp5ii105",285755.182056298,86663.2992552892,221792.840777767,60325.5891194719,86680.1989510787,80111.7457623049,105551.401575896,128395.873967175,143697.485285028,214496.51331241,118842.239402947,143457.413208677,196900.605188025,67292.0302170774,113611.189399742,265942.057883784,312165.832516444,172850.058487715,110628.230969928,103370.490585824,0,251154.011460811,84085.7881588789,91865.5315606427,100941.747478414,93812.7679247009,115152.725764657,150349.852988695,189650.431048177,42877.4668682738,185810.312567783,73167.5726559538,105686.421251913,92461.0984320789,93721.4249774325,203457.581494823,94611.1297794163,26211.2399775825,169349.375552982,161661.381366162,76097.6085797508,189196.669154019,42298.3425859225,170778.62602134,122520.883816769,88775.2763919508,188346.771780116,167460.11070394,110975.36474892,246826.260298915,100678.418530093,248591.546117975,247504.039308575,113250.999745263,117776.744638322,200422.959567387,93544.0708796021,118985.429711825,79653.0867369594,46477.2982754949,125306.585217305,242271.739315663,83078.513293397,277021.307918768,110324.941021313,195201.886886339,97107.0363034914,188944.221426032,100127.789985762,246466.201802653,99776.8743346648,118577.95596668,39824.0094237845,181533.655374051,164902.768478569,86115.582300423,61620.3219817669,227788.789318209,222198.18271215,120047.292719794,65256.0308159564,35148.3194434548,114969.493509138,37558.1566632683,194925.568537188,92777.6956788069,113893.506907691,139616.625650481,195752.476001833,206808.081271005,232413.450118523,182798.925479297,210920.230824664,114759.458422014,37119.017346938,34608.7589495237
"mtstpEiu115",45300.8629789948,244555.264237774,48730.5381438701,247599.891434032,244299.118490744,250024.636091213,238779.441258901,254213.495030413,122583.99387856,287540.600845764,243176.955138968,247520.612322073,274761.596111238,249837.786335492,246255.314321911,39748.8761911862,68553.8137724077,260369.627844554,234826.363399764,251022.448501068,251154.011460811,0,242944.432282951,246086.705590431,249874.37121543,247518.536955746,241114.286418278,259402.578270216,274390.115471398,250581.179827198,74508.3629436581,249672.83658753,241648.558054654,246942.965258332,247373.834668311,283762.800365907,247066.694964349,252369.076925856,263078.050825636,136591.117694447,252713.649033422,273003.372472046,251371.988370178,259254.048682884,242626.060315127,245534.441411131,70516.5071486692,92037.9552200366,242662.398280085,309112.736845385,250392.726932472,43735.915059643,45841.8456981634,239635.156467839,243177.120124083,282778.408324034,247416.662651894,245452.108587099,251830.410386195,249410.904387882,241344.856557158,26156.0154151559,243682.765004534,326400.971145232,236112.329485628,277907.31237644,245230.725956273,274898.700125634,247137.892714903,40454.4772421618,249042.666817731,257339.267819572,249551.138586358,80794.9647740402,262690.419693639,250028.850273393,244253.088319781,35810.9927705077,41175.9058017611,246516.359523035,248291.941777197,249948.335294415,243055.110338127,253953.936421009,63945.3530782967,246793.788216273,245400.944037774,259342.616052438,270454.41742658,55799.9416854686,32006.4611261087,268422.423794142,284595.377012456,246911.56493983,249040.722282857,252901.596117578
"mtstp3cu8",276592.902479905,17642.2973192336,208707.714461366,57515.4198801932,17737.2184228956,62772.7297067703,68081.0786190074,100796.576994057,125328.888286154,199209.906437709,87425.3003190742,119279.148099023,180426.383538944,64320.4230537506,79300.268389441,255709.172622962,303780.574582713,153380.698033033,76121.6520053474,55126.4793898918,84085.7881588789,242944.432282951,0,34088.4579770176,50199.5699838671,38574.4150387557,84684.4854029113,127495.187420548,171897.820757256,74635.9384701391,171518.596673462,62335.0305249637,67764.7702992059,35051.6512031553,37668.3473027305,187409.894259985,40328.0679271243,88108.0971023272,149706.44555746,152970.270578973,76071.015355935,171850.150894111,83486.4830195718,151078.479543149,92555.6518840757,26688.5026149977,175550.041520591,156287.73554808,76340.7833461267,233862.432783339,53239.1599919737,238185.056295791,236020.53066954,79669.0622441932,86375.4850719934,184034.594759055,38904.925280259,87487.3336908379,71139.8106716942,86618.0036911732,95765.4306155938,231701.691659377,11861.1075128037,265520.738424117,77729.3441431562,178250.73370685,50394.0931258658,171561.201527793,55398.7358453376,235499.565479406,49046.7715218029,78545.0529686941,69641.165518345,170468.424316115,144761.009093172,61061.9543201625,69524.8429273065,217029.698966754,210576.590142262,89375.8001935709,59199.5423986849,77151.3573145743,82228.5640640481,93391.9715024217,182646.756969174,37752.7166170663,81191.3665732153,114162.803045865,179031.812368961,195300.793825266,220693.902055743,164638.629814994,195525.085486733,82419.5571603786,67027.3515806071,88414.5424838546
